X,Y,Z,Classification,NumberOfReturns,ReturnNumber,Intensity
276575.94,1557999.32,231.53,5,2,1,1
276575.68,1557999.20,231.25,5,2,1,5
276575.58,1557999.16,231.44,5,2,1,8
276575.39,1557999.08,231.32,5,2,1,7
276574.86,1557998.80,230.11,5,2,1,13
276574.78,1557998.77,230.26,5,2,1,16
276574.82,1557998.81,230.74,5,2,1,13
276574.71,1557998.76,230.74,5,2,1,16
276574.74,1557998.79,231.11,5,1,1,15
276574.65,1557998.75,231.10,5,1,1,18
276574.50,1557998.68,230.87,5,1,1,16
276574.41,1557998.64,230.78,5,1,1,15
276574.27,1557998.57,230.53,5,1,1,20
276574.24,1557998.55,230.56,5,1,1,18
276574.21,1557998.54,230.59,5,1,1,16
276574.19,1557998.53,230.58,5,1,1,16
276574.27,1557998.59,230.98,5,1,1,16
276574.20,1557998.55,230.83,5,1,1,17
276574.26,1557998.59,231.03,5,1,1,13
276574.09,1557998.48,230.42,5,1,1,15
276574.20,1557998.54,230.66,5,1,1,17
276574.33,1557998.61,230.94,5,1,1,15
276574.28,1557998.57,230.62,5,1,1,19
276574.36,1557998.61,230.67,5,2,1,19
276574.54,1557998.69,230.99,5,1,1,19
276574.70,1557998.77,231.23,5,1,1,16
276574.76,1557998.79,231.13,5,2,1,15
276574.68,1557998.73,230.56,5,2,1,16
276574.64,1557998.69,230.07,5,2,1,15
276574.72,1557998.72,229.94,5,2,1,13
276575.16,1557998.94,230.88,5,2,1,6
276575.46,1557999.09,231.39,5,2,1,7
276575.60,1557999.15,231.36,5,2,1,7
276579.81,1557999.11,222.75,2,1,1,30
276579.03,1557998.79,222.80,2,1,1,31
276572.73,1557996.18,223.71,2,1,1,32
276574.30,1557996.81,223.57,2,1,1,39
276576.71,1557997.79,223.22,2,1,1,34
276578.86,1557998.66,222.83,2,1,1,30
276579.92,1557999.09,222.71,2,1,1,31
276579.77,1557997.76,222.57,2,1,1,29
276575.44,1557995.98,223.22,2,1,1,31
276574.50,1557995.57,223.42,2,1,1,35
276587.63,1557999.62,220.19,2,1,1,27
276586.26,1557999.09,221.01,2,1,1,32
276585.19,1557998.79,224.21,5,1,1,31
276584.32,1557998.45,224.54,5,1,1,28
276583.89,1557998.27,224.65,5,1,1,26
276583.48,1557998.11,224.83,5,1,1,28
276583.22,1557998.03,225.46,5,1,1,26
276578.33,1557995.85,222.69,2,1,1,29
276576.19,1557994.97,222.97,2,1,1,33
276575.68,1557994.76,223.08,2,1,1,30
276573.62,1557993.91,223.70,2,1,1,33
276574.72,1557994.34,223.28,2,1,1,31
276574.92,1557994.42,223.22,2,1,1,26
276575.12,1557994.50,223.18,2,1,1,26
276575.34,1557994.59,223.13,2,1,1,27
276580.02,1557996.49,222.47,2,1,1,32
276582.90,1557997.83,225.47,5,1,1,18
276583.25,1557997.97,225.29,5,1,1,29
276583.56,1557998.09,224.94,5,1,1,25
276584.28,1557998.36,224.50,5,1,1,26
276588.71,1557998.65,219.42,2,1,1,28
276585.87,1557997.69,224.19,5,1,1,30
276585.61,1557997.62,224.96,5,1,1,29
276584.98,1557997.33,224.49,5,1,1,40
276584.60,1557997.19,224.82,5,1,1,37
276584.22,1557997.04,225.11,5,1,1,35
276583.75,1557996.85,225.07,5,1,1,34
276583.30,1557996.66,225.09,5,1,1,33
276582.87,1557996.48,225.13,5,1,1,34
276582.33,1557996.24,224.80,5,1,1,29
276579.62,1557995.11,225.02,5,1,1,29
276577.19,1557993.99,222.70,2,1,1,26
276576.21,1557993.54,222.74,2,1,1,27
276576.74,1557993.76,222.72,2,1,1,36
276579.63,1557995.07,224.96,5,1,1,33
276582.18,1557996.13,224.97,5,1,1,35
276582.66,1557996.34,225.23,5,1,1,25
276583.02,1557996.48,225.09,5,1,1,30
276583.42,1557996.65,225.05,5,1,1,33
276583.91,1557996.86,225.27,5,1,1,34
276584.33,1557997.03,225.26,5,1,1,32
276584.62,1557997.13,224.81,5,1,1,41
276584.99,1557997.28,224.57,5,1,1,42
276585.53,1557997.52,224.88,5,1,1,34
276585.88,1557997.65,224.55,5,1,1,26
276588.67,1557998.55,219.43,2,1,1,37
276593.38,1557999.28,219.13,5,2,2,6
276594.22,1557999.86,224.02,5,2,1,6
276592.93,1557999.12,219.71,5,2,2,15
276592.36,1557998.89,219.87,5,1,1,36
276591.77,1557998.64,219.91,5,1,1,29
276586.15,1557996.46,223.45,5,1,1,32
276585.76,1557996.32,223.83,5,1,1,42
276585.37,1557996.17,224.20,5,1,1,36
276585.08,1557996.09,224.87,5,1,1,35
276584.71,1557995.95,225.21,5,1,1,34
276584.29,1557995.78,225.35,5,1,1,36
276583.78,1557995.56,225.21,5,1,1,36
276583.33,1557995.37,225.20,5,1,1,36
276582.86,1557995.17,225.14,5,1,1,38
276582.45,1557995.00,225.22,5,1,1,24
276577.44,1557992.77,222.37,2,1,1,32
276575.77,1557992.08,222.65,2,1,1,33
276573.98,1557991.35,222.99,2,1,1,35
276573.43,1557991.12,223.07,2,1,1,37
276573.13,1557991.00,223.12,2,1,1,35
276574.67,1557991.61,222.89,2,1,1,31
276575.96,1557992.13,222.62,2,1,1,29
276578.19,1557993.04,222.35,2,1,1,33
276582.16,1557994.81,224.70,5,1,1,26
276582.73,1557995.07,225.26,5,1,1,39
276583.13,1557995.24,225.26,5,1,1,39
276583.46,1557995.36,224.99,5,1,1,39
276583.93,1557995.57,225.16,5,1,1,31
276584.41,1557995.77,225.35,5,1,1,36
276584.77,1557995.92,225.14,5,1,1,36
276585.09,1557996.03,224.75,5,1,1,39
276585.40,1557996.14,224.31,5,1,1,31
276585.72,1557996.25,223.87,5,1,1,41
276586.08,1557996.38,223.53,5,1,1,39
276592.04,1557998.69,219.94,5,1,1,29
276592.56,1557998.89,219.83,5,1,1,38
276594.53,1557999.95,224.61,5,2,1,7
276593.13,1557999.14,219.93,5,2,2,18
276593.45,1557999.23,219.10,5,2,2,5
276597.89,1557999.93,221.09,5,1,1,15
276597.14,1557999.61,220.78,5,1,1,19
276597.45,1557999.99,226.17,5,1,1,27
276596.88,1557999.76,226.40,5,1,1,21
276596.32,1557999.54,226.64,5,1,1,20
276595.05,1557998.91,224.47,5,2,1,13
276592.95,1557997.79,219.51,5,1,1,21
276591.43,1557997.20,220.52,5,1,1,37
276590.60,1557996.91,221.68,5,1,1,26
276590.08,1557996.71,221.88,5,1,1,32
276589.58,1557996.51,222.11,5,1,1,27
276588.94,1557996.22,221.82,5,1,1,25
276588.52,1557996.07,222.28,5,1,1,40
276588.03,1557995.88,222.47,5,1,1,27
276583.98,1557994.26,224.09,5,1,1,31
276583.62,1557994.12,224.40,5,1,1,33
276583.11,1557993.90,224.22,5,1,1,26
276578.84,1557992.02,222.23,2,1,1,31
276577.47,1557991.44,222.21,2,1,1,32
276576.87,1557991.19,222.29,2,1,1,33
276575.81,1557990.76,222.52,2,1,1,35
276574.92,1557990.40,222.72,2,1,1,32
276574.52,1557990.23,222.78,2,1,1,32
276573.85,1557989.95,222.85,2,1,1,26
276573.72,1557989.90,222.91,2,1,1,28
276573.37,1557989.75,222.96,2,1,1,32
276572.84,1557989.53,223.03,2,1,1,33
276574.73,1557990.29,222.74,2,1,1,33
276574.93,1557990.37,222.71,2,1,1,28
276575.35,1557990.54,222.61,2,1,1,35
276575.58,1557990.63,222.59,2,1,1,30
276577.63,1557991.46,222.20,2,1,1,27
276583.38,1557993.95,224.29,5,1,1,26
276583.77,1557994.11,224.20,5,1,1,37
276588.24,1557995.88,222.32,5,1,1,31
276588.69,1557996.05,222.15,5,1,1,35
276589.06,1557996.19,221.72,5,1,1,33
276589.66,1557996.45,222.04,5,1,1,24
276590.16,1557996.66,222.00,5,1,1,33
276590.56,1557996.80,221.61,5,1,1,25
276591.30,1557997.06,220.57,5,1,1,33
276591.65,1557997.18,219.94,5,1,1,37
276592.56,1557997.53,219.35,5,1,1,27
276593.07,1557997.73,219.21,5,1,1,16
276595.25,1557998.90,224.67,5,1,1,17
276596.35,1557999.45,226.47,5,1,1,22
276596.88,1557999.67,226.38,5,1,1,24
276597.42,1557999.89,226.29,5,1,1,22
276596.98,1557999.44,220.89,5,2,1,11
276595.95,1557998.85,217.43,5,2,2,8
276597.86,1557999.86,221.92,5,1,1,18
276598.21,1557999.97,221.13,5,1,1,25
276601.51,1557999.72,213.65,5,1,1,30
276601.44,1557999.91,218.25,5,2,1,7
276601.08,1557999.81,219.39,5,2,1,16
276599.54,1557998.92,214.08,5,2,2,3
276600.88,1557999.81,221.03,5,1,1,15
276600.50,1557999.70,222.05,5,1,1,21
276599.21,1557999.06,219.95,5,1,1,12
276599.28,1557999.20,222.44,5,2,1,19
276598.17,1557998.56,218.66,5,2,2,3
276597.76,1557998.43,219.54,5,1,1,18
276597.41,1557998.33,220.57,5,2,1,12
276596.28,1557997.68,216.76,5,2,2,9
276598.18,1557998.89,225.41,5,1,1,21
276597.52,1557998.61,225.34,5,1,1,24
276597.10,1557998.47,226.06,5,1,1,25
276595.99,1557997.92,224.44,5,1,1,21
276595.34,1557997.65,224.37,5,1,1,16
276593.85,1557996.89,221.43,5,1,1,14
276592.05,1557996.04,219.48,5,1,1,20
276591.62,1557995.89,220.07,5,1,1,26
276591.05,1557995.65,220.12,5,1,1,26
276590.76,1557995.58,221.12,5,1,1,21
276590.36,1557995.44,221.70,5,1,1,22
276589.78,1557995.19,221.64,5,1,1,30
276589.27,1557994.99,221.81,5,1,1,32
276588.70,1557994.75,221.76,5,1,1,23
276576.59,1557989.70,222.17,2,1,1,30
276574.80,1557988.96,222.52,2,1,1,29
276574.62,1557988.89,222.57,2,1,1,28
276573.78,1557988.54,222.74,2,1,1,26
276573.66,1557988.49,222.72,2,1,1,28
276573.32,1557988.35,222.73,2,1,1,32
276573.71,1557988.50,222.75,2,1,1,30
276573.93,1557988.58,222.64,2,1,1,34
276574.19,1557988.69,222.59,2,1,1,31
276575.24,1557989.11,222.41,2,1,1,31
276578.00,1557990.25,222.09,2,1,1,35
276578.65,1557990.52,222.12,2,1,1,33
276588.40,1557994.54,221.53,5,1,1,14
276588.92,1557994.76,221.60,5,1,1,23
276589.50,1557995.02,221.86,5,1,1,26
276589.84,1557995.13,221.29,5,1,1,29
276590.52,1557995.44,221.86,5,1,1,29
276590.75,1557995.49,220.88,5,1,1,20
276591.15,1557995.63,220.49,5,1,1,29
276591.54,1557995.77,220.00,5,1,1,30
276591.93,1557995.91,219.53,5,1,1,22
276593.46,1557996.62,221.00,5,2,1,15
276594.79,1557997.30,223.63,5,1,1,15
276595.52,1557997.63,224.23,5,1,1,19
276596.11,1557997.89,224.35,5,1,1,21
276597.23,1557998.44,226.20,5,1,1,21
276597.47,1557998.49,225.10,5,1,1,26
276598.13,1557998.78,225.40,5,1,1,34
276598.54,1557998.92,224.82,5,3,1,10
276597.14,1557998.11,220.08,5,3,2,6
276596.19,1557997.56,216.86,5,3,3,6
276597.81,1557998.40,220.35,5,1,1,17
276598.28,1557998.58,219.98,5,1,1,12
276599.62,1557999.26,222.51,5,2,1,16
276598.56,1557998.64,218.90,5,2,2,6
276600.21,1557999.50,222.51,5,1,1,20
276600.68,1557999.68,222.07,5,1,1,21
276601.34,1557999.96,222.25,5,1,1,17
276601.18,1557999.76,219.62,5,2,1,13
276599.59,1557998.84,214.15,5,2,2,7
276601.58,1557999.90,218.89,5,2,1,12
276599.88,1557998.91,213.03,5,2,2,6
276601.32,1557999.54,213.69,5,1,1,24
276601.77,1557999.70,213.11,5,1,1,32
276604.23,1557999.64,215.50,5,1,1,32
276603.33,1557999.24,214.87,5,1,1,30
276602.57,1557998.91,214.69,5,2,1,12
276601.48,1557998.39,213.36,5,1,1,19
276600.80,1557998.11,213.45,5,1,1,28
276602.84,1557999.41,222.86,5,2,1,2
276600.28,1557997.92,214.04,5,2,2,23
276602.18,1557999.14,222.95,5,2,1,17
276601.43,1557998.82,222.71,5,1,1,21
276600.73,1557998.52,222.63,5,1,1,25
276600.15,1557998.29,222.93,5,2,1,19
276598.35,1557997.35,219.06,5,1,1,15
276598.19,1557997.37,220.77,5,1,1,21
276598.58,1557997.70,224.32,5,1,1,13
276598.00,1557997.47,224.53,5,2,1,7
276597.19,1557997.00,221.81,5,2,2,9
276597.01,1557997.00,223.35,5,1,1,21
276596.42,1557996.76,223.52,5,1,1,18
276596.31,1557996.79,225.26,5,1,1,13
276595.40,1557996.37,224.30,5,2,1,9
276593.76,1557995.42,218.80,5,2,2,2
276594.47,1557996.03,225.31,5,2,1,4
276592.83,1557995.08,219.81,5,2,2,13
276594.25,1557995.99,226.56,5,1,1,17
276593.92,1557995.90,227.44,5,2,1,19
276593.66,1557995.84,228.53,5,1,1,25
276593.12,1557995.62,228.65,5,2,1,16
276590.54,1557994.13,220.11,5,2,2,8
276592.54,1557995.38,228.66,5,2,1,6
276587.67,1557993.01,221.71,5,1,1,33
276587.21,1557992.83,221.96,5,1,1,31
276585.16,1557992.04,223.44,5,1,1,31
276584.72,1557991.86,223.56,5,1,1,17
276574.86,1557987.66,222.32,2,1,1,36
276573.22,1557986.98,222.65,2,1,1,30
276574.28,1557987.40,222.40,2,1,1,29
276575.75,1557988.00,222.24,2,1,1,32
276575.97,1557988.09,222.20,2,1,1,30
276579.27,1557989.58,224.69,5,1,1,20
276584.98,1557991.90,223.56,5,1,1,31
276585.28,1557992.00,223.12,5,1,1,32
276587.20,1557992.74,221.86,5,1,1,29
276587.64,1557992.92,221.73,5,1,1,30
276592.67,1557995.33,228.43,5,2,1,9
276593.30,1557995.62,228.84,5,2,1,15
276590.78,1557994.16,220.49,5,2,2,6
276593.76,1557995.80,228.64,5,1,1,25
276594.02,1557995.86,227.75,5,2,1,21
276594.33,1557995.95,227.00,5,1,1,25
276594.45,1557995.94,225.62,5,1,1,15
276594.56,1557995.91,224.15,5,2,1,1
276593.23,1557995.15,219.73,5,2,2,19
276595.44,1557996.33,225.26,5,2,1,12
276593.30,1557995.10,218.10,5,2,2,4
276596.28,1557996.73,226.25,5,1,1,27
276595.71,1557996.31,222.46,5,1,1,16
276596.50,1557996.68,223.23,5,1,1,23
276596.99,1557996.87,222.94,5,1,1,18
276597.10,1557996.84,221.36,5,1,1,17
276598.50,1557997.55,224.13,5,1,1,18
276598.08,1557997.21,220.70,5,2,1,24
276597.21,1557996.71,217.76,5,2,2,6
276598.05,1557997.10,218.62,5,1,1,15
276599.90,1557998.08,222.91,5,2,1,11
276598.83,1557997.45,219.25,5,2,2,9
276600.41,1557998.28,222.62,5,1,1,17
276601.03,1557998.54,222.69,5,1,1,26
276601.72,1557998.84,222.97,5,1,1,25
276602.41,1557999.13,223.23,5,2,1,19
276602.90,1557999.32,222.83,5,2,1,11
276600.36,1557997.84,214.10,5,2,2,11
276600.88,1557998.04,213.74,5,1,1,28
276601.47,1557998.28,213.62,5,1,1,24
276602.37,1557998.70,214.57,5,2,1,20
276603.13,1557999.04,215.00,5,1,1,26
276603.73,1557999.28,214.90,5,1,1,31
276607.56,1557999.92,219.04,5,2,1,20
276607.14,1557999.80,220.09,5,1,1,30
276606.23,1557999.38,219.42,5,2,1,12
276604.46,1557998.47,215.76,5,1,1,33
276603.71,1557998.15,215.64,5,1,1,25
276602.88,1557997.78,215.23,5,1,1,21
276602.33,1557997.58,215.76,5,3,1,3